0 i 1
1 n 2
2 t 3

0 d 4
4 o 5
5 u 6
6 b 7
7 l 8
8 e 26

0 r 9
9 e 10
10 t 11
11 u 12
12 r 13
13 n 27

0 ( 14
0 ) 14
0 { 14
0 } 14
0 ; 14
0 , 14

0 i 15
15 t 16
16 o 17
17 d 18

0 d 19
19 t 20
20 o 21
21 i 18

0 + 18
0 - 18
0 = 18

0 0 22
0 1 22
0 2 22
0 3 22
0 4 22
0 5 22
0 6 22
0 7 22
0 8 22
0 9 22
22 0 22
22 1 22
22 2 22
22 3 22
22 4 22
22 5 22
22 6 22
22 7 22
22 8 22
22 9 22

22 . 23

23 0 24
23 1 24
23 2 24
23 3 24
23 4 24
23 5 24
23 6 24
23 7 24
23 8 24
23 9 24
24 0 24
24 1 24
24 2 24
24 3 24
24 4 24
24 5 24
24 6 24
24 7 24
24 8 24
24 9 24

0 a 25
0 b 25
0 c 25
0 d 25
0 e 25
0 f 25
0 g 25
0 h 25
0 i 25
0 j 25
0 k 25
0 l 25
0 m 25
0 n 25
0 o 25
0 p 25
0 q 25
0 r 25
0 s 25
0 t 25
0 u 25
0 v 25
0 w 25
0 x 25
0 y 25
0 z 25
0 A 25
0 B 25
0 C 25
0 D 25
0 E 25
0 F 25
0 G 25
0 H 25
0 I 25
0 J 25
0 K 25
0 L 25
0 O 25
0 M 25
0 N 25
0 P 25
0 Q 25
0 R 25
0 S 25
0 T 25
0 U 25
0 V 25
0 W 25
0 X 25
0 Y 25
0 Z 25

25 a 25
25 b 25
25 c 25
25 d 25
25 e 25
25 f 25
25 g 25
25 h 25
25 i 25
25 j 25
25 k 25
25 l 25
25 m 25
25 n 25
25 o 25
25 p 25
25 q 25
25 r 25
25 s 25
25 t 25
25 u 25
25 v 25
25 w 25
25 x 25
25 y 25
25 z 25
25 A 25
25 B 25
25 C 25
25 D 25
25 E 25
25 F 25
25 G 25
25 H 25
25 I 25
25 J 25
25 K 25
25 L 25
25 O 25
25 M 25
25 N 25
25 P 25
25 Q 25
25 R 25
25 S 25
25 T 25
25 U 25
25 V 25
25 W 25
25 X 25
25 Y 25
25 Z 25
25 0 25
25 1 25
25 2 25
25 3 25
25 4 25
25 5 25
25 6 25
25 7 25
25 8 25
25 9 25
